username,donut_upvoter,quad_rank,points
Friendly-Airline2426,333,2391,2724
reddito321,0,341,341
mattg1981,45,686,731
kirtash93,1396,4948,6344
yester_philippines,3638,2915,6553
Every_Hunt_160,875,3193,4068
Fredzoor,1854,2834,4688
Sky-876,1307,2488,3795
yamaniac123,0,3409,3409
Prog132487,243,2307,2550
rikbona,1396,3027,4423
SuperbCantaloupe1929,403,1263,1666
Buzzalu,1963,2431,4394
FattestLion,1158,2014,3172
coindoing,0,2321,2321
DBRiMatt,1088,1575,2663
rootpl,1322,1680,3002
TheNano100,830,1154,1984
rare1994,711,1736,2447
lordciders,790,1410,2200
Electrical_Tension,104,1609,1713
bvandepol,15,1167,1182
abcoathup,0,426,426
ASingleGuitarString,0,1276,1276
Gubbie99,99,1068,1167
boiboi3434,20,1074,1094
Barcode011011,0,667,667
Ben_Pars,1550,171,1721
Downtown_Yam9137,0,699,699
Lokiee0077,5,578,583
DrRobbe,924,0,924
sadiq_238,0,544,544
Wrong-Spirit-391,899,0,899
Icy-Profile-1655,0,555,555
Cyrus-114,99,435,534
goldyluckinblokchain,50,460,510
MonitorFlat229,0,705,705
Mrkay07,129,423,552
GreekGod0007,10,458,468
cryptonitelife,0,456,456
DrDynamicyt,134,405,539
Chefavram9,0,421,421
SwingContent6806,144,359,503
raresanevoice,20,328,348
timbulance,1183,0,1183
Fritz1818,0,299,299
MasterpieceLoud4931,0,369,369
Odd-Radio-8500,701,0,701
HarryDotter420,452,75,527
Albinonite,0,354,354
Lillica_Golden_SHIB,616,0,616
ShadowKnight324,0,342,342
Defiboy,0,194,194
jimfird,5,273,278
pythonskynet,0,302,302
eat-sleep-rave,0,390,390
Savi321,0,301,301
bachigous23,0,299,299
ContemplatingMeth_,253,193,446
Visible-Ad743,0,222,222
SuccessOtherwise2760,99,182,281
Goonzoo,398,0,398
Nyarlatotep781,268,0,268
ImperialSoldiers,84,159,243
ellileon,179,221,400
Bashir_Jasper03,0,187,187
jormpt,0,171,171
illbeback_69,0,166,166
falk_lhoste,263,0,263
teeceaustralia,0,158,158
bzzking,0,136,136
heuwion,0,154,154
Funnyurolith61,0,154,154
Eth_Man,0,86,86
BabyishHammer,0,146,146
jinglesthemouse,0,148,148
Westy3000,0,99,99
Katerra01,0,130,130
ablablababla,273,0,273
garysei124,0,111,111
Huelino,25,97,122
Thoufeeq_TaK,0,101,101
Allions1,0,110,110
Abdeliq,0,97,97
JoeYo743,0,93,93
JETTTZOR,0,97,97
Jwelz90,0,89,89
S-U_2,0,92,92
feric89,0,84,84
OldDomainer,0,86,86
Atorcran,0,79,79
Sharp-Imagination563,0,77,77
Bringerofsalvation,0,72,72
GamerTechNews,0,71,71
Fansa213,0,77,77
SharkOwO,0,69,69
raymv1987,0,62,62
Jojo_0513,0,63,63
Boo-Lemon,0,63,63
Neat-Expression-2612,0,65,65
BackgroundEntrance44,0,63,63
Mattie_Kadlec,0,59,59
CommitteeSalt8099,0,50,50
carlslarson,0,37,37
beerdrinker_mavech,0,46,46
economist_kinda,10,44,54
UyghursInParis,0,46,46
ElementaLized007,0,47,47
BoyManWamen,0,44,44
CaregiverStandard427,0,44,44
MantisToboggan66,119,0,119
trevor25,0,35,35
Puzzled-Poetry9792,0,18,18
letsridetheworld,0,37,37
prad261,0,36,36
emyfsh201,0,31,31
AltruisticPops,70,0,70
dont_agree_with_me,0,33,33
Affectionate-Ice6827,0,30,30
choppathekid,0,35,35
_AegonTarg,0,30,30
Roy1984,0,28,28
bigcockstonk,0,29,29
Ropex007,0,23,23
sparky5dn1l,0,23,23
giddyup281,0,23,23
abc_123_anyname,0,23,23
fetushippo,0,23,23
clean_cut89,0,23,23
lucashcy_97,30,0,30
Technical-Track2663,0,14,14
NSFWCryptoPosting,30,0,30
kalle_sol,0,15,15
Sharp-Subject-047,0,10,10
Crypto-4-Freedom,10,0,10
Positive-Gazelle2603,10,0,10
T2LV,0,4,4
Samir2298,10,0,10
AgentProvocateur666,0,1,1
bkcrypt0,5,0,5
Phonymusk,0,3,3
Repulsive-Minimum-20,0,0,0
anotheralien22,5,0,5
jamesrosshill,5,0,5
SigiNwanne,5,0,5
Cynthia_Cartesi,0,0,0
Carretje,5,0,5
Kindly-Wolf6919,5,0,5
F-machine,5,0,5
Creative_Ad7831,25,0,25
KIG45,5,0,5
Donsaudi29,0,0,0
FranzJosephBalle,5,0,5
ToshiSat,5,0,5
SeatedDruid,5,0,5
AncientTie375,0,0,0
FreekTheDog,0,0,0
redditisalt,0,0,0
Security_Raven,0,0,0
EpicureanMystic,0,0,0
No_Meet_1995,0,0,0
CreepToeCurrentSea,20,0,20
JoNwOrDy,5,0,5
Murky-Statistician45,0,0,0
GREENAWAKT,0,0,0
Tanikushokutomu,0,0,0
Dieselpump510,10,0,10
brahmazon,0,0,0
ChillCoyote,5,0,5
legionticket,0,0,0
dead-spiral,55,0,55
Malixshak,20,0,20
Mrwiowijo,0,0,0
cajunrajing,5,0,5
thelonliestcrowd,0,0,0
jennyYESs,0,0,0
nakamo-toe,0,0,0
P-F88,0,0,0
actuatorsif5,5,0,5
wen_eip,10,0,10
TheOneWhoCared,0,0,0
ReitHodlr,0,74,74
defi_mama,0,26,26
MrPuma86,5069,474,5543
aminok,75,344,419
