username,donut_upvoter,quad_rank,points
pythonskynet,8082,24648,32730
kirtash93,3637,28371,32008
Buzzalu,13471,14029,27500
TheNano100,7948,15515,23463
Every_Hunt_160,8082,12591,20673
Lokiee0077,8015,11751,19766
yester_philippines,269,17297,17566
Sharp-Subject-047,4782,11744,16526
reddito321,0,15650,15650
rootpl,2425,13410,15835
mattg1981,808,13370,14178
Electrical_Tension,3435,10746,14181
Prog132487,6735,5544,12279
illbeback_69,4647,7205,11852
actuatorsif5,11585,0,11585
tambaybtc,5388,5768,11156
aminok,741,9604,10345
Friendly-Airline2426,337,8270,8607
Ben_Pars,7813,596,8409
Fredzoor,6937,897,7834
rare1994,4917,2630,7547
HarryDotter420,2694,4404,7098
Lillica_Golden_SHIB,6466,0,6466
Sky-876,4176,2179,6355
Elon_mkus,2357,3696,6053
KompolNakBroMek,67,5948,6015
Icy-Profile-1655,5186,0,5186
Honey_-_Badger,5052,0,5052
Gubbie99,0,4876,4876
Fritz1818,0,4149,4149
dead-spiral,876,3273,4149
Easy-Soup140,2357,1716,4073
SarcasticSamurai619,0,4017,4017
ASingleGuitarString,0,3989,3989
boiboi3434,539,3252,3791
dont_agree_with_me,1549,1902,3451
ReitHodlr,471,2838,3309
good2youall,1819,1440,3259
Defiboy,0,3055,3055
proandromeda,0,3032,3032
Sunryzen,0,2914,2914
abcoathup,0,2554,2554
lordciders,606,1880,2486
garysei124,0,2469,2469
goldyluckinblokchain,471,2030,2501
OldDomainer,2425,0,2425
FattestLion,2290,0,2290
Nabzzzzz00,0,2201,2201
pizzapicnic,67,2075,2142
letsridetheworld,0,2137,2137
bvandepol,1414,703,2117
Agent_4--7,1953,0,1953
Fiddlers-list,0,1864,1864
GreekGod0007,539,1290,1829
Downtown_Yam9137,67,1747,1814
SuperbCantaloupe1929,1212,363,1575
Visible-Ad743,0,1417,1417
Consistent-Revenue61,606,743,1349
DBRiMatt,741,603,1344
Guldrion,1280,0,1280
Ben_Dover1234,876,480,1356
rikbona,539,738,1277
ethereum88,1010,260,1270
TheOneWhoCared,1280,0,1280
SwingContent6806,539,707,1246
cryptopunk661,0,1191,1191
CreepToeCurrentSea,0,1180,1180
economist_kinda,0,1171,1171
Eth_Man,539,585,1124
Wrong-Spirit-391,0,1061,1061
thecryptos,0,1048,1048
Kindly-Wolf6919,404,585,989
raresanevoice,67,900,967
bzzking,0,953,953
DinoCoiner,0,956,956
MonitorFlat229,0,908,908
InsaneMcFries,135,794,929
eat-sleep-rave,0,895,895
MrPuma86,1145,0,1145
Pxtxr,808,0,808
crayontastegood,0,789,789
teeceaustralia,0,724,724
JETTTZOR,0,709,709
diarpiiiii,0,689,689
raymv1987,269,421,690
Xylon818,674,0,674
carlslarson,135,521,656
Laterxgater,0,583,583
cryptbunks,0,573,573
dtol2020,0,569,569
Americanstandard,0,574,574
feric89,0,558,558
FranzJosephBalle,539,0,539
bangand0,0,466,466
Gorbachev_,67,387,454
Pibo1987,471,0,471
eonesimoszsss,135,322,457
tahiraslam8k,202,248,450
stedgyson,0,446,446
telejoshi,0,438,438
Allions1,0,396,396
RealLeoPat,135,260,395
wmredditor,0,374,374
mvp_investor,0,349,349
ShadowKnight324,67,278,345
im_just_kidding_bruh,135,191,326
PeacockMamba,0,309,309
PublicSleeper,0,307,307
trustnodes,0,278,278
83nno,0,278,278
toogoodtgp,0,272,272
Wrench555,0,269,269
The_Nutcrack,269,0,269
NSFWCryptoPosting,135,129,264
Abysskitten,0,260,260
Odlavso,67,163,230
PirateSKB,0,225,225
Dapper-Horror3112,0,218,218
vmguld,0,203,203
whodontloveboobs,0,203,203
Samir2298,202,0,202
foreignGER,202,0,202
Malixshak,202,0,202
HAIKUuu,0,183,183
topcontender,0,168,168
ImperialSoldiers,0,138,138
pc1e0,0,135,135
Crypto-4-Freedom,135,0,135
Ok-Dare-621,135,0,135
tentazoc,135,0,135
Traveler-0854,0,134,134
Technical-Track2663,0,131,131
Defiant-Appearance98,0,129,129
doctorwho_cares,135,0,135
Carretje,135,0,135
Clash_onthe_Can,0,95,95
SoulUrgeDestiny,202,0,202
Basoosh,67,0,67
lucashcy_97,67,0,67
anotheralien22,67,0,67
Ok_Election7896,67,0,67
Atorcran,0,61,61
buzzalu,0,0,0
maurinet79,0,25,25
bigstew6,0,23,23
MrPuffer23,0,0,0
Odd-Radio-8500,0,0,0
ProfBullishChad,0,0,0
MichaelAischmann,0,0,0
emyfsh201,0,0,0
Albinonite,0,0,0
Jake123194,269,0,269
